FADE 20 1500 1000 0 255
FADE 21 1500 1000 0 255
FADE 20 2750 1000 255 0
FADE 21 2750 1000 255 0
FADE 20 5200 1000 0 255
FADE 21 5200 1000 0 255
FADE 20 6300 1000 255 0
FADE 21 6300 1000 255 0
FADE 47 87850 500 0 255
FADE 51 87850 500 0 255
FADE 47 90500 500 255 0
FADE 51 90500 500 255 0
SET 2 140500 255
SET 7 140500 255
SET 20 140500 255
SET 21 140500 255
SET 47 140500 255
SET 51 140500 255
SET 73 140500 255
SET 101 140500 255
SET 2 176250 0
SET 7 176250 0
SET 21 176250 0
SET 47 176250 0
SET 51 176250 0
SET 73 176250 0
SET 101 176250 0
BLINK 20 176250 160 5
